0: 93.0647 23.2059 11.5718
1: 11.5718 26.77 8.12439
2: 8.12439 13.7897 7.05048
3: 7.05048 60.4971 145.025
4: 145.025 137.671 55.4311
5: 55.4311 208.51 62.3337
6: 62.3337 50.1938 243.965
7: 243.965 150.511 47.2211
8: 47.2211 40.0305 110.932
9: 110.932 195.732 107.166

10: 107.166 16.7857 249.553
11: 249.553 159.764 155.025
12: 155.025 90.4422 150.099
13: 150.099 195.273 8.87924
14: 8.87924 184.215 236.02
15: 236.02 45.688 195.623
16: 195.623 240.634 74.8782
17: 74.8782 60.3804 73.0183
18: 73.0183 192.526 226.837
19: 226.837 134.691 176.916

20: 176.916 80.3023 71.1195
21: 71.1195 109.446 189.491
22: 189.491 54.1081 94.1853
23: 94.1853 85.4384 173.313
24: 173.313 212.829 176.122
25: 176.122 224.012 65.8823
26: 65.8823 186.892 49.1354
27: 49.1354 63.9757 128.006
28: 128.006 11.6496 167.375
29: 167.375 23.0424 222.261

30: 222.261 183.04 205.942
31: 205.942 106.426 173.647
32: 173.647 196.277 242.775
33: 242.775 233.063 233.288
34: 233.288 225.693 9.37729
35: 9.37729 147.616 61.1041
36: 61.1041 179.266 29.8517
37: 29.8517 146.052 10.9337
38: 10.9337 14.0776 226.541
39: 226.541 6.34232 238.144

40: 238.144 153.149 219.164
41: 219.164 209.779 103.477
42: 103.477 129.461 131.951
43: 131.951 20.5989 107.765
44: 107.765 163.64 24.6611
45: 24.6611 52.505 174.239
46: 174.239 192.231 237.467
47: 237.467 93.555 88.0843
48: 88.0843 18.1087 120.971
49: 120.971 221.639 50.6451

50: 50.6451 17.704 135.827
51: 135.827 138.496 198.339
52: 198.339 180.659 180.402
53: 180.402 233.351 212.075
54: 212.075 160.854 24.2798
55: 24.2798 193.608 8.06992
56: 8.06992 107.734 149.811
57: 149.811 192.697 242.105
58: 242.105 152.542 67.1352
59: 67.1352 134.846 68.9717

60: 68.9717 40.7153 254.891
61: 254.891 111.259 18.5834
62: 18.5834 252.51 43.797
63: 43.797 62.5983 46.0616













